{
 "chain_iptm": [
  0.3,
  0.29,
  0.41,
  0.4,
  0.44,
  0.44
 ],
 "chain_pair_iptm": [
  [
   0.67,
   0.08,
   0.63,
   0.12,
   0.42,
   0.23
  ],
  [
   0.08,
   0.67,
   0.12,
   0.63,
   0.22,
   0.41
  ],
  [
   0.63,
   0.12,
   0.66,
   0.24,
   0.64,
   0.38
  ],
  [
   0.12,
   0.63,
   0.24,
   0.66,
   0.38,
   0.64
  ],
  [
   0.42,
   0.22,
   0.64,
   0.38,
   0.64,
   0.53
  ],
  [
   0.23,
   0.41,
   0.38,
   0.64,
   0.53,
   0.65
  ]
 ],
 "chain_pair_pae_min": [
  [
   0.76,
   29.76,
   2.45,
   19.36,
   7.81,
   15.62
  ],
  [
   29.81,
   0.76,
   19.94,
   2.61,
   15.94,
   7.95
  ],
  [
   2.53,
   24.02,
   0.76,
   13.62,
   2.24,
   9.47
  ],
  [
   23.71,
   2.73,
   13.66,
   0.76,
   9.71,
   2.32
  ],
  [
   8.65,
   18.33,
   2.1,
   9.47,
   0.76,
   3.96
  ],
  [
   17.76,
   8.92,
   9.27,
   2.2,
   3.89,
   0.76
  ]
 ],
 "chain_ptm": [
  0.67,
  0.67,
  0.66,
  0.66,
  0.64,
  0.65
 ],
 "fraction_disordered": 0.28,
 "has_clash": 0.0,
 "iptm": 0.53,
 "num_recycles": 10.0,
 "ptm": 0.57,
 "ranking_score": 0.67
}