{
 "chain_iptm": [
  0.31,
  0.31,
  0.33,
  0.33,
  0.28,
  0.28
 ],
 "chain_pair_iptm": [
  [
   0.65,
   0.22,
   0.62,
   0.17,
   0.42,
   0.13
  ],
  [
   0.22,
   0.65,
   0.17,
   0.62,
   0.14,
   0.41
  ],
  [
   0.62,
   0.17,
   0.65,
   0.12,
   0.64,
   0.1
  ],
  [
   0.17,
   0.62,
   0.12,
   0.65,
   0.1,
   0.63
  ],
  [
   0.42,
   0.14,
   0.64,
   0.1,
   0.64,
   0.1
  ],
  [
   0.13,
   0.41,
   0.1,
   0.63,
   0.1,
   0.64
  ]
 ],
 "chain_pair_pae_min": [
  [
   0.76,
   6.35,
   2.69,
   21.04,
   9.29,
   24.03
  ],
  [
   6.14,
   0.76,
   20.88,
   3.0,
   23.56,
   9.45
  ],
  [
   2.72,
   14.59,
   0.76,
   23.45,
   2.38,
   27.42
  ],
  [
   14.8,
   2.88,
   23.61,
   0.76,
   27.22,
   2.47
  ],
  [
   8.67,
   19.28,
   2.11,
   26.88,
   0.76,
   28.12
  ],
  [
   19.7,
   9.23,
   27.07,
   2.23,
   28.41,
   0.76
  ]
 ],
 "chain_ptm": [
  0.65,
  0.65,
  0.65,
  0.65,
  0.64,
  0.64
 ],
 "fraction_disordered": 0.28,
 "has_clash": 0.0,
 "iptm": 0.41,
 "num_recycles": 10.0,
 "ptm": 0.48,
 "ranking_score": 0.56
}